0 0.0 0.0 1.0 0.0 0.0 0.0 0.0
1 0.026820000551231148 0.0 0.9997020363807678 0.00029800005722790956 0.0 0.0 -0.001427516690455377
2 0.10655999753448148 0.0 0.9988159537315369 0.0011840001679956913 0.0 0.0 -0.005671744234859943
3 0.23813999228171973 0.0 0.9973540306091309 0.0026460003573447466 0.0 0.0 -0.01267519872635603
4 0.42048000613523484 0.0 0.9953279495239258 0.004672000650316477 0.0 0.0 -0.022380394861102104
5 0.6525000954553759 0.0 0.9927499890327454 0.0072500016540288925 0.0 0.0 -0.03472985699772835
6 0.9331199697569426 0.0 0.9896320104598999 0.010368000715970993 0.0 0.0 -0.049666084349155426
7 1.2612600856066876 0.0 0.9859859943389893 0.014014002867043018 0.0 0.0 -0.06713160872459412
8 1.6358400457977027 0.0 0.9818239808082581 0.0181760024279356 0.0 0.0 -0.08706893771886826
9 2.0557800400924715 0.0 0.9771580100059509 0.022842001169919968 0.0 0.0 -0.10942058265209198
10 2.520000258253478 0.0 0.972000002861023 0.028000006452202797 0.0 0.0 -0.1341291069984436
11 3.0274201429912533 0.0 0.9663619995117188 0.03363800793886185 0.0 0.0 -0.1611369252204895
12 3.5769598840682804 0.0 0.9602559804916382 0.03974400460720062 0.0 0.0 -0.19038666784763336
13 4.167539884690457 0.0 0.9536939859390259 0.046306006610393524 0.0 0.0 -0.22182075679302216
14 4.79808033462027 0.0 0.9466879963874817 0.05331201106309891 0.0 0.0 -0.2553817629814148
15 5.467499075742633 0.0 0.9392499923706055 0.06075000390410423 0.0 0.0 -0.291012167930603
16 6.1747199263580885 0.0 0.9313920140266418 0.06860800832509995 0.0 0.0 -0.32865458726882935
17 6.918659020804233 0.0 0.9231260418891907 0.07687400281429291 0.0 0.0 -0.36825135350227356
18 7.698239750494776 0.0 0.914463996887207 0.08553600311279297 0.0 0.0 -0.40974515676498413
19 8.512380384201467 0.0 0.9054180383682251 0.09458201378583908 0.0 0.0 -0.4530784785747528
20 9.359999190696051 0.0 0.8959999680519104 0.10400000214576721 0.0 0.0 -0.4981937110424042
21 10.240020415165903 0.0 0.8862220048904419 0.1137780174612999 0.0 0.0 -0.5450335144996643
22 11.15135805751446 0.0 0.8760960102081299 0.12390399724245071 0.0 0.0 -0.5935403108596802
23 12.092938924250085 0.0 0.865634024143219 0.1343660056591034 0.0 0.0 -0.6436566710472107
24 13.063679576597197 0.0 0.8548479676246643 0.1451520174741745 0.0 0.0 -0.6953251957893372
25 14.062499137101206 0.0 0.84375 0.15625 0.0 0.0 -0.7484881281852722
26 15.088320143402164 0.0 0.8323520421981812 0.16764801740646362 0.0 0.0 -0.8030883073806763
27 16.140058302950834 0.0 0.8206660747528076 0.17933399975299835 0.0 0.0 -0.8590679168701172
28 17.216637860934586 0.0 0.8087040781974792 0.19129601120948792 0.0 0.0 -0.9163697361946106
29 18.316979647446157 0.0 0.7964780330657959 0.20352202653884888 0.0 0.0 -0.974936306476593
30 19.439997662388983 0.0 0.784000039100647 0.2160000056028366 0.0 0.0 -1.0347099304199219
31 20.58461615095044 0.0 0.7712820768356323 0.22871798276901245 0.0 0.0 -1.0956332683563232
32 21.74976106586522 0.0 0.758336067199707 0.24166402220726013 0.0 0.0 -1.157649040222168
33 22.934339576847478 0.0 0.745173990726471 0.25482600927352905 0.0 0.0 -1.2206991910934448
34 24.137275929084588 0.0 0.7318080067634583 0.26819199323654175 0.0 0.0 -1.284726619720459
35 25.35749778285857 0.0 0.718250036239624 0.28174999356269836 0.0 0.0 -1.3496737480163574
36 26.593919138072863 0.0 0.7045120000839233 0.29548799991607666 0.0 0.0 -1.4154833555221558
37 27.84545570217823 0.0 0.6906059980392456 0.3093940019607544 0.0 0.0 -1.4820975065231323
38 29.111038550551335 0.0 0.6765440702438354 0.3234559893608093 0.0 0.0 -1.5494589805603027
39 30.389574852906332 0.0 0.6623380184173584 0.337662011384964 0.0 0.0 -1.6175105571746826
40 31.679995684619875 0.0 0.6480000019073486 0.35199999809265137 0.0 0.0 -1.6861941814422607
41 32.98121504559541 0.0 0.6335420608520508 0.366457998752594 0.0 0.0 -1.7554526329040527
42 34.292153765925676 0.0 0.6189760565757751 0.38102397322654724 0.0 0.0 -1.8252283334732056
43 35.61173950589267 0.0 0.6043140292167664 0.39568597078323364 0.0 0.0 -1.8954641819000244
44 36.93887602011593 0.0 0.589568018913269 0.41043198108673096 0.0 0.0 -1.9661023616790771
45 38.27249438397209 0.0 0.5747501254081726 0.42524996399879456 0.0 0.0 -2.0370850563049316
46 39.61151884264853 0.0 0.559872031211853 0.44012799859046936 0.0 0.0 -2.108355760574341
47 40.95485998095406 0.0 0.544946014881134 0.45505398511886597 0.0 0.0 -2.179856300354004
48 42.301435213886755 0.0 0.5299840569496155 0.4700160026550293 0.0 0.0 -2.2515289783477783
49 43.65017220172864 0.0 0.5149980783462524 0.48500198125839233 0.0 0.0 -2.3233165740966797
50 44.999998604761714 0.0 0.5000000596046448 0.5 0.0 0.0 -2.3951621055603027
51 46.34981817760551 0.0 0.4850020706653595 0.5149980783462524 0.0 0.0 -2.467007637023926
52 47.69855858054203 0.0 0.4700160026550293 0.5299840569496155 0.0 0.0 -2.5387954711914062
53 49.04514064366401 0.0 0.45505407452583313 0.5449460744857788 0.0 0.0 -2.6104681491851807
54 50.38847495178026 0.0 0.4401280879974365 0.559872031211853 0.0 0.0 -2.6819682121276855
55 51.727495995362055 0.0 0.4252500534057617 0.5747499465942383 0.0 0.0 -2.753239154815674
56 53.061114359218216 0.0 0.4104320704936981 0.589568018913269 0.0 0.0 -2.824221611022949
57 54.38825087344147 0.0 0.3956861197948456 0.6043139696121216 0.0 0.0 -2.894859552383423
58 55.70783319831382 0.0 0.3810241222381592 0.6189758777618408 0.0 0.0 -2.9650955200195312
59 57.01878216392802 0.0 0.366457998752594 0.6335420608520508 0.0 0.0 -3.0348715782165527
60 58.31999469471427 0.0 0.35199999809265137 0.6480000019073486 0.0 0.0 -3.1041300296783447
61 59.610415526427815 0.0 0.337662011384964 0.6623380184173584 0.0 0.0 -3.172813653945923
62 60.88895182878281 0.0 0.3234560787677765 0.6765439510345459 0.0 0.0 -3.2408647537231445
63 62.154538092250554 0.0 0.30939412117004395 0.6906059980392456 0.0 0.0 -3.3082263469696045
64 63.40606782616664 0.0 0.2954881191253662 0.7045120000839233 0.0 0.0 -3.374840497970581
65 64.64249601157022 0.0 0.2817500829696655 0.718250036239624 0.0 0.0 -3.440650463104248
66 65.86272298798616 0.0 0.26819199323654175 0.7318080067634583 0.0 0.0 -3.5055978298187256
67 67.06566275531793 0.0 0.25482606887817383 0.7451740503311157 0.0 0.0 -3.5696253776550293
68 68.25022931346894 0.0 0.2416641116142273 0.7583359479904175 0.0 0.0 -3.6326754093170166
69 69.41537081328906 0.0 0.22871816158294678 0.771281898021698 0.0 0.0 -3.694690704345703
70 70.56000125468177 0.0 0.21600008010864258 0.7839999794960022 0.0 0.0 -3.7556145191192627
71 71.68301414698263 0.0 0.20352202653884888 0.7964780330657959 0.0 0.0 -3.815387725830078
72 72.78335081085224 0.0 0.19129616022109985 0.8087040185928345 0.0 0.0 -3.8739542961120605
73 73.85993207638332 0.0 0.17933404445648193 0.8206660151481628 0.0 0.0 -3.931256055831909
74 74.9116719434793 0.0 0.1676480770111084 0.8323519825935364 0.0 0.0 -3.987236261367798
75 75.93749807242222 0.0 0.15625005960464478 0.8437501192092896 0.0 0.0 -4.041836261749268
76 76.93632446311553 0.0 0.14515209197998047 0.8548479080200195 0.0 0.0 -4.094998836517334
77 77.90706511546263 0.0 0.13436603546142578 0.8656339645385742 0.0 0.0 -4.14666748046875
78 78.848634029367 0.0 0.12390410900115967 0.8760958909988403 0.0 0.0 -4.196784019470215
79 79.7599861858678 0.0 0.11377811431884766 0.8862220048904419 0.0 0.0 -4.245291233062744
80 80.63999460373275 0.0 0.10399997234344482 0.8960000276565552 0.0 0.0 -4.292130947113037
81 81.48762109419027 0.0 0.09458208084106445 0.9054180383682251 0.0 0.0 -4.337246417999268
82 82.30175916657598 0.0 0.08553624153137207 0.914463996887207 0.0 0.0 -4.380579471588135
83 83.08134331136117 0.0 0.07687413692474365 0.9231261014938354 0.0 0.0 -4.4220733642578125
84 83.82527386807071 0.0 0.06860804557800293 0.9313919544219971 0.0 0.0 -4.461669921875
85 84.53250581774375 0.0 0.06075000762939453 0.9392499923706055 0.0 0.0 -4.499312400817871
86 85.2019258395266 0.0 0.053312063217163086 0.9466878175735474 0.0 0.0 -4.534942626953125
87 85.83246159370127 0.0 0.04630601406097412 0.9536938667297363 0.0 0.0 -4.568503379821777
88 86.4230407405498 0.0 0.039743900299072266 0.9602559804916382 0.0 0.0 -4.59993839263916
89 86.9725704497863 0.0 0.0336381196975708 0.9663619995117188 0.0 0.0 -4.62918758392334
90 87.4799988722607 0.0 0.028000235557556152 0.9719998836517334 0.0 0.0 -4.656195163726807
91 87.94421951730853 0.0 0.022841930389404297 0.9771579504013062 0.0 0.0 -4.680904388427734
92 88.36415321502255 0.0 0.01817607879638672 0.9818240404129028 0.0 0.0 -4.7032551765441895
93 88.73874811625264 0.0 0.014014005661010742 0.9859861135482788 0.0 0.0 -4.723193168640137
94 89.06689773033435 0.0 0.010367870330810547 0.9896320104598999 0.0 0.0 -4.740659236907959
95 89.34749556660329 0.0 0.007250070571899414 0.9927500486373901 0.0 0.0 -4.7555952072143555
96 89.57951709666649 0.0 0.004672050476074219 0.9953279495239258 0.0 0.0 -4.7679443359375
97 89.7618694902381 0.0 0.0026459693908691406 0.9973540306091309 0.0 0.0 -4.777649879455566
98 89.8934325962751 0.0 0.0011841058731079102 0.9988158941268921 0.0 0.0 -4.7846527099609375
99 89.97319554676311 0.0 0.0002980232238769531 0.999701976776123 0.0 0.0 -4.788897514343262
