0 1 0 0 -0 0 -2.35922e-16
0.000468097 1.77883e-13 1 0.000298089 -7.87943e-17 1.11022e-16 -0.00142752
0.00185982 0 0.999999 0.0011854 7.50786e-18 -1.11022e-16 -0.00567174
0.00415633 8.34741e-15 0.999996 0.00265301 1.23611e-17 1.11022e-16 -0.0126752
0.00733876 -2.83656e-15 0.999989 0.00469388 4.54218e-18 -3.33067e-16 -0.0223804
0.0113883 0 0.999973 0.00730275 -1.87844e-17 -3.33067e-16 -0.0347299
0.016286 1.27825e-15 0.999945 0.010476 -7.37257e-18 -1.32349e-23 -0.0496661
0.0220131 3.15241e-16 0.999899 0.0142118 -2.27259e-18 -3.33067e-16 -0.0671316
0.0285508 -4.8614e-16 0.999829 0.0185093 2.69469e-17 1.11022e-16 -0.0870689
0.0358801 -1.93432e-16 0.999727 0.0233696 5.29725e-18 1.11023e-16 -0.109421
0.0439823 1.26253e-15 0.999585 0.0287946 -1.01272e-17 2.22045e-16 -0.134129
0.0528384 6.5692e-16 0.999395 0.0347878 -3.26547e-18 1.11022e-16 -0.161137
0.0624297 1.55707e-15 0.999145 0.0413536 -1.9082e-17 -1.01644e-20 -0.190387
0.0727373 3.81923e-16 0.998823 0.0484972 2.50689e-17 2.22048e-16 -0.221821
0.0837423 1.65914e-16 0.998418 0.0562252 2.1339e-17 1.11029e-16 -0.255382
0.0954259 2.91302e-16 0.997915 0.0645444 9.57255e-17 3.33108e-16 -0.291012
0.107769 3.87069e-16 0.997298 0.0734628 -2.60018e-17 2.22017e-16 -0.328655
0.120753 6.91239e-16 0.996551 0.0829885 1.63777e-17 -4.44143e-16 -0.368251
0.13436 3.10799e-16 0.995654 0.0931302 -1.66485e-17 -2.22153e-16 -0.409745
0.148569 -1.87508e-16 0.994588 0.103897 -2.09299e-17 4.43981e-16 -0.453078
0.163363 2.13324e-16 0.993331 0.115297 -2.98457e-17 -1.11022e-16 -0.498194
0.178722 2.34195e-16 0.991859 0.12734 -5.0268e-18 -2.22045e-16 -0.545034
0.194628 2.69086e-16 0.990147 0.140034 3.86498e-17 -1.10155e-16 -0.59354
0.211062 1.98729e-16 0.988166 0.153386 3.48774e-17 2.21611e-16 -0.643657
0.228004 3.53032e-16 0.985889 0.167403 -3.61684e-17 -2.21177e-16 -0.695325
0.245437 0 0.983282 0.182089 6.53937e-17 2.21611e-16 -0.748488
0.263341 2.2658e-16 0.980313 0.19745 -1.33282e-16 1.11022e-16 -0.803088
0.281697 1.24806e-16 0.976946 0.213485 -1.05999e-16 5.55979e-16 -0.859068
0.300487 2.46155e-16 0.973145 0.230194 3.29061e-17 -3.34802e-16 -0.91637
0.319692 -6.62374e-17 0.968869 0.247573 1.28662e-16 2.23779e-16 -0.974936
0.339292 1.04244e-16 0.96408 0.265614 -3.44271e-16 -1.11022e-16 -1.03471
0.359269 0 0.958734 0.284305 -2.67864e-16 6.59195e-16 -1.09563
0.379605 -2.80886e-17 0.952789 0.303632 2.10895e-16 -1.14492e-16 -1.15765
0.390395 4.70203e-05 0.951631 0.307243 -0.00705009 -0.00112208 -1.22023
0.371093 0.00501066 0.964729 0.263197 -0.0454955 -0.00656294 -1.2822
0.336745 0.0144191 0.969775 0.243575 -0.0947118 -0.0152014 -1.34327
0.339855 0.0145685 0.965806 0.258857 -0.113914 -0.0186714 -1.40727
0.360163 0.0144284 0.954714 0.297176 -0.120557 -0.0199859 -1.47354
0.380833 0.0145264 0.942305 0.334441 -0.127274 -0.0213151 -1.54055
0.419688 0.0138636 0.923514 0.383313 -0.117603 -0.0198608 -1.61008
0.418986 0.0166068 0.915921 0.401014 -0.143977 -0.0267892 -1.67422
0.426031 0.0236358 0.902999 0.428991 -0.165348 -0.0350089 -1.73911
0.471881 0.00980654 0.926117 0.37711 -0.0499448 -0.0438139 -1.79648
0.444204 0.0257762 0.857893 0.513182 -0.22851 -0.0350819 -1.87977
0.476541 0.0163278 0.841131 0.540585 -0.222353 -0.0299321 -1.95372
0.498782 0.0179384 0.818666 0.57399 -0.232536 -0.0307172 -2.02449
0.501286 0.0364378 0.789587 0.612556 -0.277461 -0.042183 -2.08866
0.524952 0.0385385 0.764698 0.643235 -0.288161 -0.0440926 -2.15933
0.484165 0.0600433 0.723805 0.687387 -0.429252 -0.0655859 -2.19718
0.508952 0.0631672 0.694413 0.716799 -0.443905 -0.0681929 -2.26741
0.640395 0.0276765 0.714871 0.698709 -0.196421 -0.0469341 -2.37224
2.7648 -0.261152 0.941577 0.212681 2.22815 -0.219354 1.46271
0.646947 0.0495125 0.630963 0.774232 -0.341877 -0.0536789 -2.51409
0.681952 0.0410457 0.608773 0.792282 -0.32805 -0.0466304 -2.59014
0.706764 0.0432834 0.581084 0.812692 -0.337947 -0.0481626 -2.66094
2.76149 -0.316078 0.922786 0.220364 2.44908 -0.173038 1.58981
2.72085 -0.333503 0.908836 0.250583 2.60075 -0.195807 1.51983
0.733639 0.0660963 0.490303 0.869042 -0.454918 -0.0815178 -2.85126
0.782545 0.0618133 0.464503 0.883411 -0.42344 -0.0643399 -2.93332
2.62158 -0.363233 0.898848 0.245221 2.8507 -0.0576252 1.36313
2.56349 -0.354875 0.902078 0.245598 2.95651 -0.0795753 1.29108
1.89931 0.186295 0.976021 -0.112593 3.14784 -1.14777 -0.0511912
1.65987 0.632661 0.250184 -0.732904 1.77732 -2.32254 -0.313149
3.06492 -0.56556 -0.537371 -0.625599 -1.82196 -2.37139 -0.325705
1.62945 0.654 0.271849 -0.705961 1.86611 -2.41971 -0.338122
1.61548 0.664685 0.282087 -0.691824 1.90973 -2.46743 -0.350388
1.60233 0.675304 0.291913 -0.677312 1.95278 -2.51454 -0.362494
1.59 0.685801 0.301321 -0.662482 1.99521 -2.56097 -0.374428
1.57849 0.69613 0.310307 -0.647389 2.037 -2.6067 -0.386181
1.56778 0.706245 0.318869 -0.632092 2.0781 -2.65168 -0.39774
1.55302 0.714467 0.328591 -0.617709 2.11614 -2.69138 -0.425937
1.54867 0.72568 0.334733 -0.601117 2.1581 -2.73921 -0.420237
1.5131 0.725665 0.358927 -0.587011 2.19941 -2.7509 -0.521035
1.50501 0.734754 0.365746 -0.571285 2.23742 -2.79201 -0.533245
1.49761 0.743482 0.372165 -0.555632 2.27456 -2.83217 -0.545173
1.45551 0.737043 0.39817 -0.546103 2.32313 -2.79251 -0.705557
1.44886 0.74532 0.403719 -0.530574 2.35853 -2.82985 -0.718905
1.44282 0.753198 0.408899 -0.515262 2.39294 -2.86615 -0.731877
1.43735 0.760667 0.413722 -0.500219 2.42632 -2.90136 -0.74446
1.43242 0.767725 0.418205 -0.485492 2.45862 -2.93543 -0.756639
1.428 0.774372 0.422361 -0.471126 2.48982 -2.96833 -0.768399
1.42404 0.780607 0.426206 -0.457166 2.51986 -3.00003 -0.779726
1.42051 0.786438 0.429754 -0.443652 2.54872 -3.03047 -0.790606
1.41739 0.79187 0.433019 -0.430623 2.57635 -3.05962 -0.801024
1.41463 0.796911 0.436017 -0.418117 2.60272 -3.08743 -0.810966
1.41222 0.801572 0.43876 -0.406168 2.62779 -3.11387 -0.820417
1.35334 0.793105 0.446462 -0.414314 2.60649 -3.03977 -1.10211
1.35117 0.797536 0.448616 -0.403336 2.62859 -3.06275 -1.11258
1.34927 0.801586 0.450557 -0.393012 2.64929 -3.08428 -1.12239
1.40536 0.816627 0.44745 -0.364566 2.71428 -3.20511 -0.853025
1.40421 0.819553 0.44911 -0.355856 2.73226 -3.22408 -0.859806
1.40324 0.822166 0.450585 -0.347873 2.74872 -3.24144 -0.866009
1.40244 0.824478 0.451884 -0.340642 2.7636 -3.25714 -0.871621
1.40177 0.826497 0.453015 -0.334185 2.77688 -3.27114 -0.876627
1.40123 0.828234 0.453985 -0.328523 2.78851 -3.28341 -0.881012
1.40079 0.829694 0.454797 -0.323678 2.79846 -3.29391 -0.884762
1.40045 0.830884 0.455459 -0.31967 2.80668 -3.30258 -0.887863
1.4002 0.831809 0.455972 -0.316518 2.81315 -3.3094 -0.890299
1.40003 0.83247 0.456338 -0.314244 2.81781 -3.31432 -0.892058
1.39992 0.832868 0.456559 -0.312865 2.82064 -3.3173 -0.893123
