0 1 0 0 -0 0 -2.35922e-16
0.000468097 1.77883e-13 1 0.000298089 -7.87943e-17 1.11022e-16 -0.00142752
0.00185982 0 0.999999 0.0011854 7.50786e-18 -1.11022e-16 -0.00567174
0.00415633 1.0212e-14 0.999996 0.00265301 9.34503e-19 -5.63577e-17 -0.0126752
0.00733876 4.20362e-15 0.999989 0.00469388 -6.16874e-18 -4.61287e-16 -0.0223804
0.0113883 5.21506e-15 0.999973 0.00730275 -1.85699e-17 -3.60833e-16 -0.0347299
0.016286 1.34433e-15 0.999945 0.010476 -5.63073e-19 -1.22924e-16 -0.0496661
0.0220131 1.05791e-15 0.999899 0.0142118 -1.57844e-17 -5.49365e-16 -0.0671316
0.0285508 7.33319e-16 0.999829 0.0185093 9.6817e-18 2.66327e-16 -0.0870689
0.0358801 -1.74689e-15 0.999727 0.0233696 3.84433e-18 4.47179e-16 -0.109421
0.0439823 -2.11449e-16 0.999585 0.0287946 -8.24881e-18 3.35546e-16 -0.134129
0.0528384 -2.23186e-16 0.999395 0.0347878 1.36659e-17 8.28862e-16 -0.161137
0.0624297 2.97165e-16 0.999145 0.0413536 -2.50875e-17 3.61788e-16 -0.190387
0.0727373 2.73948e-16 0.998823 0.0484972 8.64665e-18 4.84544e-16 -0.221821
0.0837423 -7.7999e-16 0.998418 0.0562252 -2.55055e-17 4.78513e-16 -0.255382
0.0954259 -1.48638e-15 0.997915 0.0645444 -1.26015e-17 2.07611e-16 -0.291012
0.107769 -1.11862e-15 0.997298 0.0734628 -7.66139e-17 8.42235e-16 -0.328655
0.120753 -1.16647e-15 0.996551 0.0829885 -1.59005e-17 1.18595e-15 -0.368251
0.13436 -1.73165e-15 0.995654 0.0931302 -7.85829e-17 9.32089e-16 -0.409745
0.148569 -1.40045e-15 0.994588 0.103897 -7.61921e-17 1.36306e-15 -0.453078
0.163363 -8.49964e-16 0.993331 0.115297 7.70562e-17 1.14817e-15 -0.498194
0.178722 -6.48916e-16 0.991859 0.12734 1.76582e-16 1.66815e-15 -0.545034
0.194628 -3.98024e-16 0.990147 0.140034 2.42185e-16 1.76486e-15 -0.59354
0.211062 -8.01127e-16 0.988166 0.153386 2.13246e-16 2.31369e-15 -0.643657
0.228004 -3.77975e-16 0.985889 0.167403 1.99005e-16 1.58727e-15 -0.695325
0.245437 -1.03521e-16 0.983282 0.182089 1.51236e-16 1.53176e-15 -0.748488
0.263341 -1.11624e-16 0.980313 0.19745 2.40211e-16 1.42681e-15 -0.803088
0.281697 7.48838e-17 0.976946 0.213485 2.35492e-16 2.09034e-15 -0.859068
0.300487 -8.20518e-17 0.973145 0.230194 4.29014e-16 1.39298e-15 -0.91637
0.319692 -1.93192e-16 0.968869 0.247573 3.54386e-16 1.68095e-15 -0.974936
0.339292 -5.99404e-17 0.96408 0.265614 -1.34531e-16 1.62197e-15 -1.03471
0.359269 -8.88108e-17 0.958734 0.284305 -3.81684e-18 2.18228e-15 -1.09563
0.379605 -2.52798e-16 0.952789 0.303632 1.1892e-16 1.55084e-15 -1.15765
0.40028 -2.31489e-16 0.946204 0.323572 -3.00217e-16 2.04697e-15 -1.2207
0.421275 -3.30889e-16 0.938933 0.344099 5.03009e-17 2.31759e-15 -1.28473
0.442572 -3.4835e-16 0.930936 0.365181 1.22211e-16 2.18575e-15 -1.34967
0.464151 -1.00751e-16 0.922172 0.38678 3.88183e-16 2.20657e-15 -1.41548
0.485995 -1.78268e-16 0.912602 0.408849 -5.42086e-16 2.46331e-15 -1.4821
0.508083 -8.55767e-17 0.902191 0.431338 2.18125e-17 2.20657e-15 -1.54946
0.530398 1.09733e-16 0.890906 0.454187 -5.41387e-17 2.19269e-15 -1.61751
0.55292 -7.92753e-17 0.878723 0.477331 -1.77375e-16 2.40086e-15 -1.68619
0.575631 -3.82404e-17 0.865621 0.500699 6.23593e-16 2.17881e-15 -1.75545
0.598511 -1.23158e-17 0.851587 0.524213 -7.92454e-16 2.34535e-15 -1.82523
0.621542 7.14994e-17 0.836616 0.54779 -9.849e-16 1.94289e-15 -1.89546
0.644705 2.30926e-17 0.820711 0.571344 -9.95509e-16 1.7486e-15 -1.9661
0.667981 2.01646e-16 0.803885 0.594784 -7.93784e-16 1.88738e-15 -2.03709
0.691351 9.79487e-17 0.786162 0.61802 -1e-15 1.63758e-15 -2.10836
0.714797 1.05862e-16 0.767575 0.640959 -7.36724e-16 1.27676e-15 -2.17986
0.738299 -2.06198e-16 0.748167 0.663511 -1.09121e-15 2.47025e-15 -2.25153
0.761839 -2.01054e-16 0.72799 0.685588 -2.98071e-16 2.05391e-15 -2.32332
0.785398 -4.31775e-16 0.707107 0.707107 -1.49298e-15 2.88658e-15 -2.39516
0.808957 -3.06875e-16 0.685588 0.72799 -1.43833e-15 1.60982e-15 -2.46701
0.832497 -3.1898e-16 0.663511 0.748167 -1.06295e-15 2.16493e-15 -2.5388
0.855999 -3.67513e-16 0.640959 0.767575 -7.18171e-16 2.10942e-15 -2.61047
0.879445 -4.32338e-16 0.61802 0.786162 -2.13609e-15 2.498e-15 -2.68197
0.902815 -5.83343e-16 0.594784 0.803885 -2.46537e-15 2.22045e-15 -2.75324
0.926091 -2.77807e-16 0.571344 0.820711 -2.38884e-15 2.498e-15 -2.82422
0.949254 -1.70702e-16 0.54779 0.836616 -1.77909e-16 1.33227e-15 -2.89486
0.972285 -2.51964e-16 0.524213 0.851587 -2.06162e-15 3.33067e-15 -2.9651
0.995165 -3.97052e-16 0.500699 0.865621 -9.93206e-16 2.66454e-15 -3.03487
1.01788 -3.5877e-16 0.477331 0.878723 -2.73221e-15 3.9968e-15 -3.10413
1.0404 -2.89588e-16 0.454187 0.890906 -1.87157e-15 3.77476e-15 -3.17281
1.06271 -4.28877e-16 0.431338 0.90219 -2.79907e-15 3.55271e-15 -3.24086
1.0848 -7.0628e-16 0.408849 0.912602 -3.25334e-15 4.77396e-15 -3.30823
1.10664 -5.89751e-16 0.38678 0.922172 -2.5724e-15 4.10783e-15 -3.37484
1.12822 -6.14297e-16 0.365181 0.930936 -2.54908e-15 3.21965e-15 -3.44065
1.14952 -5.17051e-16 0.344099 0.938933 -1.54017e-15 4.55191e-15 -3.5056
1.17052 -5.57551e-16 0.323572 0.946204 -1.80195e-15 5.21805e-15 -3.56963
1.19119 -5.37892e-16 0.303632 0.952789 -7.99601e-16 5.55112e-15 -3.63268
1.21153 -4.59552e-16 0.284306 0.958734 -1.02462e-16 3.33067e-15 -3.69469
1.2315 -5.73955e-16 0.265614 0.96408 -7.26878e-16 5.32907e-15 -3.75561
1.2511 -6.43213e-16 0.247573 0.968869 5.03639e-16 4.55191e-15 -3.81539
1.27031 -3.34162e-16 0.230194 0.973145 -3.97161e-16 4.996e-15 -3.87395
1.2891 -1.73367e-16 0.213485 0.976946 -8.20505e-16 5.32907e-15 -3.93126
1.30746 -4.31199e-16 0.19745 0.980313 -6.11979e-17 4.77396e-15 -3.98724
1.32536 -4.57809e-16 0.182089 0.983282 -3.4955e-16 5.10703e-15 -4.04184
1.34279 -6.41092e-16 0.167403 0.985889 2.04988e-16 5.10703e-15 -4.095
1.35973 -8.23179e-16 0.153386 0.988166 9.92697e-16 5.77316e-15 -4.14667
1.37617 -7.0017e-16 0.140034 0.990147 6.51455e-16 5.60663e-15 -4.19678
1.39207 -7.05121e-16 0.12734 0.991859 5.24087e-17 4.996e-15 -4.24529
1.40743 -6.89187e-16 0.115297 0.993331 -8.0218e-16 6.21725e-15 -4.29213
1.42223 -7.29683e-16 0.103897 0.994588 -1.61058e-15 7.54952e-15 -4.33725
1.43644 -7.14204e-16 0.0931305 0.995654 -7.43355e-17 6.27276e-15 -4.38058
1.45004 -7.05969e-16 0.0829886 0.99655 -1.75507e-16 5.66214e-15 -4.42207
1.46303 -7.11897e-16 0.0734628 0.997298 -6.35199e-17 6.27276e-15 -4.46167
1.47537 -6.48266e-16 0.0645444 0.997915 -7.82014e-16 6.38378e-15 -4.49931
1.48705 -6.85885e-16 0.0562252 0.998418 -5.63437e-16 6.68909e-15 -4.53494
1.49806 -7.65302e-16 0.0484972 0.998823 -3.00448e-16 7.54952e-15 -4.5685
1.50837 -7.36958e-16 0.0413535 0.999145 -2.70736e-16 6.57807e-15 -4.59994
1.51796 -7.22654e-16 0.034788 0.999395 -1.17863e-15 7.52176e-15 -4.62919
1.52681 -6.91088e-16 0.0287949 0.999585 -7.4915e-16 6.96665e-15 -4.6562
1.53492 -6.90865e-16 0.0233695 0.999727 -9.65497e-16 7.18869e-15 -4.6809
1.54225 -7.0632e-16 0.0185094 0.999829 -1.40402e-15 8.31279e-15 -4.70326
1.54878 -8.05107e-16 0.0142118 0.999899 -8.51798e-16 8.40994e-15 -4.72319
1.55451 -8.55332e-16 0.0104759 0.999945 -4.05555e-16 9.13852e-15 -4.74066
1.55941 -7.57256e-16 0.00730282 0.999973 -1.31519e-15 9.46465e-15 -4.7556
1.56346 -7.78044e-16 0.00469393 0.999989 -6.53808e-16 8.71872e-15 -4.76794
1.56664 -7.69357e-16 0.00265298 0.999996 -9.13854e-16 9.09516e-15 -4.77765
1.56894 -7.19044e-16 0.00118551 0.999999 -9.6015e-16 8.38218e-15 -4.78465
1.57033 -6.75295e-16 0.000298112 1 -1.2304e-15 8.43661e-15 -4.7889
