0 1 0 0 -0 0 -2.35922e-16
0.000468097 1.77883e-13 1 0.000298089 -7.87943e-17 1.11022e-16 -0.00142752
0.00185982 0 0.999999 0.0011854 7.50786e-18 -1.11022e-16 -0.00567174
0.00415633 8.34741e-15 0.999996 0.00265301 1.23611e-17 1.11022e-16 -0.0126752
0.00733876 -2.83656e-15 0.999989 0.00469388 4.54218e-18 -3.33067e-16 -0.0223804
0.0113883 0 0.999973 0.00730275 -1.87844e-17 -3.33067e-16 -0.0347299
0.016286 1.27825e-15 0.999945 0.010476 -7.37257e-18 -1.32349e-23 -0.0496661
0.0220131 3.15241e-16 0.999899 0.0142118 -2.27259e-18 -3.33067e-16 -0.0671316
0.0285508 -4.8614e-16 0.999829 0.0185093 2.69469e-17 1.11022e-16 -0.0870689
0.0358801 -1.93432e-16 0.999727 0.0233696 5.29725e-18 1.11023e-16 -0.109421
0.0439823 1.26253e-15 0.999585 0.0287946 -1.01272e-17 2.22045e-16 -0.134129
0.0528384 6.5692e-16 0.999395 0.0347878 -3.26547e-18 1.11022e-16 -0.161137
0.0624297 1.55707e-15 0.999145 0.0413536 -1.9082e-17 -1.01644e-20 -0.190387
0.0727373 3.81923e-16 0.998823 0.0484972 2.50689e-17 2.22048e-16 -0.221821
0.0837423 1.65914e-16 0.998418 0.0562252 2.1339e-17 1.11029e-16 -0.255382
0.0954259 2.91302e-16 0.997915 0.0645444 9.57255e-17 3.33108e-16 -0.291012
0.107769 3.87069e-16 0.997298 0.0734628 -2.60018e-17 2.22017e-16 -0.328655
0.120753 6.91239e-16 0.996551 0.0829885 1.63777e-17 -4.44143e-16 -0.368251
0.13436 3.10799e-16 0.995654 0.0931302 -1.66485e-17 -2.22153e-16 -0.409745
0.148569 -1.87508e-16 0.994588 0.103897 -2.09299e-17 4.43981e-16 -0.453078
0.163363 2.13324e-16 0.993331 0.115297 -2.98457e-17 -1.11022e-16 -0.498194
0.178722 2.34195e-16 0.991859 0.12734 -5.0268e-18 -2.22045e-16 -0.545034
0.194628 2.69086e-16 0.990147 0.140034 3.86498e-17 -1.10155e-16 -0.59354
0.211062 1.98729e-16 0.988166 0.153386 3.48774e-17 2.21611e-16 -0.643657
0.228004 3.53032e-16 0.985889 0.167403 -3.61684e-17 -2.21177e-16 -0.695325
0.245437 0 0.983282 0.182089 6.53937e-17 2.21611e-16 -0.748488
0.263341 2.2658e-16 0.980313 0.19745 -1.33282e-16 1.11022e-16 -0.803088
0.281697 1.24806e-16 0.976946 0.213485 -1.05999e-16 5.55979e-16 -0.859068
0.300487 2.46155e-16 0.973145 0.230194 3.29061e-17 -3.34802e-16 -0.91637
0.319692 -6.62374e-17 0.968869 0.247573 1.28662e-16 2.23779e-16 -0.974936
0.339292 1.04244e-16 0.96408 0.265614 -3.44271e-16 -1.11022e-16 -1.03471
0.359269 6.90751e-17 0.958734 0.284305 -2.90001e-16 4.44089e-16 -1.09563
0.379605 -9.83102e-17 0.952789 0.303632 -8.09922e-17 -2.18575e-16 -1.15765
0.40028 -7.12273e-17 0.946204 0.323572 -1.56011e-16 5.48173e-16 -1.2207
0.421275 -3.81795e-17 0.938933 0.344099 -5.47893e-17 3.81639e-16 -1.28473
0.442572 -6.48094e-17 0.930936 0.365181 6.86003e-18 4.09395e-16 -1.34967
0.464151 -5.42508e-17 0.922172 0.38678 4.28412e-16 -1.04083e-16 -1.41548
0.485995 -2.15407e-16 0.912602 0.408849 -7.16365e-16 3.81639e-16 -1.4821
0.508083 -7.13139e-17 0.902191 0.431338 4.45301e-16 -6.93889e-17 -1.54946
0.530398 -5.48663e-17 0.890906 0.454187 -2.11146e-16 -4.02456e-16 -1.61751
0.55292 1.78369e-16 0.878723 0.477331 4.42494e-16 -8.32667e-17 -1.68619
0.575631 1.27468e-17 0.865621 0.500699 5.81436e-17 -1.94289e-16 -1.75545
0.598511 6.15791e-17 0.851587 0.524213 -2.33009e-16 1.38778e-17 -1.82523
0.610305 0.000160053 0.840333 0.542071 -0.0119651 -0.00205263 -1.89498
0.533431 0.0158049 0.842443 0.538553 -0.138831 -0.0264296 -1.95612
0.553739 0.0146845 0.821297 0.570311 -0.150346 -0.0252452 -2.02891
0.563608 0.0177267 0.802719 0.596094 -0.171066 -0.0286839 -2.09697
0.586715 0.0190243 0.780408 0.624982 -0.177711 -0.0300092 -2.16814
0.610017 0.0203792 0.757237 0.652822 -0.184371 -0.0313378 -2.23949
0.632954 0.0154647 0.732797 0.680272 -0.190564 -0.0262573 -2.30963
0.656558 0.0171387 0.708102 0.705902 -0.19723 -0.0273148 -2.38116
0.680299 0.0188212 0.682826 0.730339 -0.203895 -0.0283723 -2.45269
0.720094 0.02434 0.660113 0.750772 -0.185347 -0.0365271 -2.52683
0.743976 0.0255496 0.634552 0.772458 -0.191169 -0.0377908 -2.59825
0.767906 0.0267598 0.608708 0.792943 -0.196976 -0.0390515 -2.66951
0.902815 2.65156e-16 0.594784 0.803885 1.97414e-16 0 -2.75324
1.91974 0.27191 0.944064 -0.186567 2.74447 -1.12993 -0.0641032
1.75561 0.580621 0.194709 -0.790549 1.57531 -2.05694 -0.249651
1.73627 0.589921 0.207376 -0.780377 1.62237 -2.10744 -0.262677
1.71758 0.599591 0.219776 -0.769538 1.66911 -2.1576 -0.275619
1.69957 0.609571 0.231877 -0.758061 1.71551 -2.20739 -0.288464
1.6823 0.619796 0.243653 -0.74598 1.76152 -2.25677 -0.301203
1.6658 0.630202 0.255081 -0.733335 1.80711 -2.30569 -0.313824
1.65008 0.640725 0.266138 -0.720168 1.85223 -2.35412 -0.326318
1.63518 0.651305 0.276809 -0.706526 1.89686 -2.40201 -0.338673
1.62109 0.661879 0.287079 -0.69246 1.94094 -2.44932 -0.350879
1.60783 0.672393 0.296939 -0.678022 1.98445 -2.49601 -0.362924
1.59538 0.682793 0.306382 -0.663267 2.02735 -2.54204 -0.3748
1.58375 0.69303 0.315403 -0.648252 2.06958 -2.58736 -0.386493
1.57291 0.70306 0.324001 -0.633032 2.11113 -2.63195 -0.397995
1.56285 0.712844 0.332179 -0.617666 2.15194 -2.67575 -0.409295
1.55354 0.722346 0.339938 -0.602211 2.19198 -2.71872 -0.420381
1.54497 0.731537 0.347287 -0.586724 2.23122 -2.76082 -0.431243
1.32641 0.598174 0.457639 -0.657841 2.26893 -2.22474 -1.49998
2.3004 -0.083785 0.338476 -0.937237 1.07352 2.12395 -2.9375
2.27546 -0.0794629 0.340891 -0.936738 1.0886 2.144 -2.99319
2.26326 -0.0844564 0.322215 -0.942892 0.966859 2.1166 -3.15008
2.24193 -0.0781553 0.323262 -0.943076 0.984636 2.12439 -3.20547
2.21947 -0.0758768 0.329255 -0.941188 0.99898 2.16743 -3.23221
2.20549 -0.0727523 0.319404 -0.944822 0.950658 2.14199 -3.34617
2.1858 -0.0684879 0.322626 -0.944045 0.964796 2.16476 -3.38459
2.16411 -0.0646719 0.321596 -0.944666 0.965871 2.16063 -3.4448
2.14619 -0.0605586 0.324576 -0.943919 0.978802 2.18144 -3.48054
2.13199 -0.0562958 0.331622 -0.941731 1.00402 2.22793 -3.49115
2.11583 -0.0524822 0.334378 -0.940977 1.01597 2.24717 -3.52363
2.10058 -0.0488173 0.337005 -0.940236 1.02733 2.26547 -3.5545
2.0793 -0.0448981 0.353031 -0.934534 1.10569 2.33628 -3.50507
2.06582 -0.0416477 0.35542 -0.933778 1.11629 2.35304 -3.53215
2.05327 -0.0385783 0.357662 -0.933054 1.12621 2.36873 -3.55751
2.04165 -0.0357013 0.359751 -0.932365 1.13544 2.38334 -3.58111
2.03097 -0.0330274 0.361684 -0.931716 1.14396 2.39682 -3.60291
2.02124 -0.0305664 0.363455 -0.93111 1.15176 2.40916 -3.62284
2.01247 -0.0283289 0.365059 -0.930553 1.15881 2.42032 -3.64088
2.00468 -0.026324 0.366492 -0.930049 1.1651 2.43028 -3.65697
1.99787 -0.0245607 0.367748 -0.929601 1.17061 2.439 -3.67106
1.99206 -0.0230478 0.368824 -0.929214 1.17533 2.44646 -3.68311
1.98728 -0.0217935 0.369714 -0.92889 1.17922 2.45262 -3.69308
1.98352 -0.0208056 0.370414 -0.928634 1.18229 2.45747 -3.70091
1.98081 -0.0200915 0.370919 -0.928448 1.1845 2.46097 -3.70656
1.97917 -0.0196583 0.371225 -0.928335 1.18584 2.46309 -3.70998
