0 1 0 0 0 0 0
0.000468097 -1.18589e-13 1 0.000298089 -1.43193e-18 -1.66533e-16 -0.00142752
0.00185982 2.98476e-14 0.999999 0.0011854 8.49602e-18 -1.66533e-16 -0.00567174
0.00415633 -2.00338e-14 0.999996 0.00265301 -1.51182e-17 3.33067e-16 -0.0126752
0.00733876 -3.78209e-15 0.999989 0.00469388 -4.55793e-18 4.44089e-16 -0.0223804
0.0113883 2.43726e-15 0.999973 0.00730275 -4.18502e-17 -7.21645e-16 -0.0347299
0.016286 -1.0226e-14 0.999945 0.010476 4.56434e-18 0 -0.0496661
0.0220131 2.52193e-15 0.999899 0.0142118 -7.59583e-18 -5.55112e-17 -0.0671316
0.0285508 0 0.999829 0.0185093 1.09489e-18 -1.66533e-16 -0.0870689
0.0358801 2.32119e-15 0.999727 0.0233696 -9.54098e-18 -2.22045e-16 -0.109421
0.0439823 4.41886e-15 0.999585 0.0287946 -1.49556e-17 -1.66533e-16 -0.134129
0.0528384 1.05107e-15 0.999395 0.0347878 1.56125e-17 6.66134e-16 -0.161137
0.0624297 2.66927e-15 0.999145 0.0413536 2.08167e-17 -4.44089e-16 -0.190387
0.0727373 1.52769e-15 0.998823 0.0484972 -1.69093e-17 0 -0.221821
0.0837423 -9.95484e-16 0.998418 0.0562252 3.64463e-17 2.22045e-16 -0.255382
0.0954259 -5.82604e-16 0.997915 0.0645444 3.66653e-17 -1.11022e-16 -0.291012
0.107769 1.29023e-15 0.997298 0.0734628 -3.38186e-17 0 -0.328655
0.120753 0 0.996551 0.0829885 3.51324e-17 -4.44089e-16 -0.368251
0.13436 -8.28798e-16 0.995654 0.0931302 3.10403e-17 2.77556e-16 -0.409745
0.148569 -7.50034e-16 0.994588 0.103897 -5.46352e-17 1.66533e-16 -0.453078
0.163363 -1.53594e-15 0.993331 0.115297 1.82163e-16 -1.11022e-16 -0.498194
0.178722 1.5613e-16 0.991859 0.12734 -4.01005e-17 2.77556e-16 -0.545034
0.194628 -4.30538e-16 0.990147 0.140034 -2.70986e-17 -5.55112e-17 -0.59354
0.211062 2.64972e-16 0.988166 0.153386 -2.68797e-17 -3.88578e-16 -0.643657
0.228004 1.22794e-16 0.985889 0.167403 -1.67847e-16 5.55112e-17 -0.695325
0.245437 3.42689e-16 0.983282 0.182089 1.3834e-16 0 -0.748488
0.263341 2.13252e-16 0.980313 0.19745 1.11679e-16 -4.44089e-16 -0.803088
0.281697 2.99535e-16 0.976946 0.213485 6.56937e-19 -1.66533e-16 -0.859068
0.300487 -2.8132e-16 0.973145 0.230194 5.03651e-18 6.10623e-16 -0.91637
0.319692 -2.6495e-16 0.968869 0.247573 2.1876e-16 6.10623e-16 -0.974936
0.339292 5.83767e-16 0.96408 0.265614 3.35257e-16 -5.55112e-17 -1.03471
0.359269 3.94715e-16 0.958734 0.284305 1.60621e-16 -5.55112e-17 -1.09563
0.379605 0 0.952789 0.303632 -4.41899e-16 0 -1.15765
0.397148 0.006323 0.947745 0.318967 -0.00140964 -0.00429491 -1.21804
0.418063 0.007224 0.940616 0.339396 -0.00149331 -0.0051605 -1.28185
0.431861 0.0159564 0.935419 0.353181 -0.00671883 -0.0127254 -1.34124
0.443317 0.0242606 0.930905 0.364456 -0.0153057 -0.0230842 -1.40112
0.459328 0.0300523 0.922353 0.385178 -0.0209975 -0.0299386 -1.46309
0.46813 0.101935 0.915803 0.388476 -0.0364362 -0.0866034 -1.5102
0.478556 0.157183 0.90113 0.404053 -0.0558579 -0.13233 -1.55363
0.493971 0.313395 0.864559 0.392837 -0.091384 -0.244677 -1.58863
0.53416 0.401616 0.837355 0.370867 -0.0973314 -0.348809 -1.62721
0.555415 0.386789 0.830863 0.400076 -0.102636 -0.36401 -1.69511
0.579941 0.427327 0.811834 0.39789 -0.120042 -0.442876 -1.74511
0.60039 0.41996 0.800678 0.427256 -0.131763 -0.466954 -1.81118
0.619061 0.422942 0.785059 0.452552 -0.154477 -0.502683 -1.8724
0.644497 0.451497 0.763287 0.462107 -0.177982 -0.579075 -1.92482
0.675664 0.484691 0.743041 0.46148 -0.198565 -0.679689 -1.97102
0.739378 0.553142 0.724581 0.411117 -0.181015 -0.899751 -1.96835
0.844025 0.647936 0.692035 0.318224 -0.139116 -1.22162 -1.84718
0.955935 0.686109 0.680617 0.256933 -0.0311226 -1.49143 -1.70957
1.04349 0.711942 0.663667 0.229533 0.0168153 -1.71361 -1.58405
1.07588 0.716348 0.657909 0.232383 0.0166977 -1.83397 -1.56629
1.09792 0.708879 0.657667 0.254883 0.0203648 -1.90449 -1.58967
1.10182 0.693703 0.65862 0.291542 0.00928311 -1.93222 -1.67097
1.10392 0.6653 0.664795 0.33974 0.0242054 -1.91912 -1.78552
1.04209 0.61125 0.660307 0.436312 -0.0621799 -1.73596 -2.06227
1.07722 0.610991 0.655365 0.444057 -0.0397821 -1.84251 -2.06403
1.06652 0.580701 0.640219 0.502898 -0.0899155 -1.7787 -2.20819
1.04628 0.550864 0.610289 0.569294 -0.181963 -1.68592 -2.37184
0.65021 0.728418 0.683172 -0.0518013 -0.0268198 -1.95832 -2.27655
0.350402 0.535034 0.280216 -0.797005 -0.714729 -1.49502 -2.61495
0.316613 0.451054 0.340696 -0.82491 -0.68185 -1.39489 -2.77348
0.28125 0.319638 0.449533 -0.834117 -0.630117 -1.24559 -2.94208
0.305904 0.286358 0.901269 -0.325136 -0.293445 -1.10071 -3.12232
0.619947 0.671167 0.70196 0.238299 0.00861283 -1.93863 -2.72426
0.735258 0.479366 0.877232 0.0259206 0.946593 -1.91179 -2.7006
0.742073 0.384385 0.899472 -0.207842 1.2957 -1.65735 -2.74158
0.730887 0.392242 0.904727 -0.16618 1.32021 -1.6753 -2.79685
0.721446 0.403752 0.905927 -0.127593 1.34333 -1.70278 -2.84749
0.725686 0.419381 0.901662 -0.105472 1.40821 -1.75155 -2.86456
0.718138 0.422457 0.903831 -0.0679669 1.4438 -1.75981 -2.92073
0.716023 0.431251 0.901653 -0.0323114 1.48556 -1.78711 -2.95934
0.723654 0.443276 0.895583 -0.0379151 1.58816 -1.82151 -2.9689
0.751771 0.420444 0.906132 -0.0463891 1.81664 -1.78787 -2.94992
0.745764 0.42951 0.90297 -0.0128575 1.84108 -1.81133 -2.99274
0.740669 0.438102 0.898702 0.0200178 1.86487 -1.83418 -3.03443
0.736679 0.445467 0.893911 0.0498198 1.89283 -1.85362 -3.07409
0.733021 0.453724 0.887247 0.0832309 1.91043 -1.87792 -3.11425
0.73036 0.460709 0.880288 0.113317 1.93214 -1.89877 -3.15229
0.728476 0.466512 0.873373 0.139952 1.95808 -1.91604 -3.18814
0.727095 0.472409 0.86529 0.16764 1.97831 -1.9354 -3.22351
0.725303 0.477412 0.856765 0.195017 1.99353 -1.95276 -3.26076
0.719815 0.478775 0.850807 0.216571 2.01115 -1.94879 -3.30468
0.689512 0.461958 0.837158 0.29285 1.89577 -1.86561 -3.45004
0.678878 0.477024 0.808178 0.345392 1.80072 -1.90044 -3.52731
0.68076 0.476276 0.794654 0.376412 1.80269 -1.90823 -3.56456
0.679896 0.468835 0.784615 0.405676 1.80926 -1.89094 -3.60907
0.675947 0.465771 0.772275 0.432029 1.79932 -1.8769 -3.66123
0.664488 0.447343 0.777937 0.441246 1.84799 -1.79141 -3.712
0.665159 0.452161 0.764465 0.459504 1.84122 -1.80546 -3.74099
0.656337 0.437363 0.766972 0.469541 1.87505 -1.73669 -3.7803
0.648857 0.411817 0.775239 0.478969 1.92974 -1.64157 -3.81931
0.53791 0.0587723 0.785352 0.616253 1.80339 -0.517213 -4.12332
0.669439 -0.493533 0.846465 -0.199807 2.45958 1.62173 -3.66947
0.69314 -0.516298 0.83581 -0.186702 2.52558 1.7576 -3.60632
0.714086 -0.543511 0.819529 -0.181571 2.55211 1.9041 -3.54905
0.725248 -0.551892 0.813824 -0.181951 2.57605 1.97469 -3.51771
0.713736 -0.547948 0.81737 -0.177928 2.56778 1.93936 -3.5473
0.712717 -0.549489 0.816294 -0.178118 2.56564 1.94701 -3.55072
