0 1 0 0 -0 0 -2.35922e-16
0.000468097 1.77883e-13 1 0.000298089 -7.87943e-17 1.11022e-16 -0.00142752
0.00185982 0 0.999999 0.0011854 7.50786e-18 -1.11022e-16 -0.00567174
0.00415633 8.34741e-15 0.999996 0.00265301 1.23611e-17 1.11022e-16 -0.0126752
0.00733876 -2.83656e-15 0.999989 0.00469388 4.54218e-18 -3.33067e-16 -0.0223804
0.0113883 0 0.999973 0.00730275 -1.87844e-17 -3.33067e-16 -0.0347299
0.016286 1.27825e-15 0.999945 0.010476 -7.37257e-18 -1.32349e-23 -0.0496661
0.0220131 3.15241e-16 0.999899 0.0142118 -2.27259e-18 -3.33067e-16 -0.0671316
0.0285508 -4.8614e-16 0.999829 0.0185093 2.69469e-17 1.11022e-16 -0.0870689
0.0358801 -1.93432e-16 0.999727 0.0233696 5.29725e-18 1.11023e-16 -0.109421
0.0439823 1.26253e-15 0.999585 0.0287946 -1.01272e-17 2.22045e-16 -0.134129
0.0528384 1.00424e-15 0.999395 0.0347878 9.98727e-18 7.14987e-16 -0.161137
0.0624297 1.33637e-15 0.999145 0.0413536 -3.05865e-17 2.475e-16 -0.190387
0.0727373 6.66687e-16 0.998823 0.0484972 4.52999e-18 3.00907e-16 -0.221821
0.0837423 1.99291e-16 0.998418 0.0562252 -1.39978e-17 7.12219e-16 -0.255382
0.0954259 7.21143e-16 0.997915 0.0645444 -1.85716e-18 2.62147e-16 -0.291012
0.107769 3.33393e-16 0.997298 0.0734628 -4.69626e-17 2.03993e-16 -0.328655
0.120753 4.65326e-16 0.996551 0.0829885 -1.53529e-17 -1.47451e-16 -0.368251
0.13436 -2.74782e-16 0.995654 0.0931302 -2.67203e-17 8.29957e-17 -0.409745
0.148569 5.23705e-16 0.994588 0.103897 -8.61649e-18 3.42066e-16 -0.453078
0.163363 1.16662e-16 0.993331 0.115297 -7.66491e-17 3.53775e-16 -0.498194
0.178722 2.37854e-16 0.991859 0.12734 1.95486e-17 8.63025e-16 -0.545034
0.194628 4.20447e-16 0.990147 0.140034 5.35335e-17 9.50628e-16 -0.59354
0.211062 1.89414e-16 0.988166 0.153386 -2.71917e-17 8.80372e-16 -0.643657
0.228004 2.32157e-16 0.985889 0.167403 6.31291e-17 1.99493e-16 -0.695325
0.245437 2.85574e-16 0.983282 0.182089 -1.75931e-16 4.18936e-16 -0.748488
0.263341 1.49943e-16 0.980313 0.19745 -2.10539e-16 7.70217e-16 -0.803088
0.281697 3.52578e-16 0.976946 0.213485 -6.13917e-17 1.30625e-15 -0.859068
0.300487 1.84616e-16 0.973145 0.230194 -3.91636e-17 1.05645e-15 -0.91637
0.319692 1.93192e-16 0.968869 0.247573 -8.11101e-17 1.09981e-15 -0.974936
0.339292 1.90245e-16 0.96408 0.265614 -2.13379e-16 7.35523e-16 -1.03471
0.359269 1.57886e-16 0.958734 0.284305 -1.49668e-16 1.2941e-15 -1.09563
0.379605 -9.36288e-18 0.952789 0.303632 -4.06031e-17 6.31439e-16 -1.15765
0.40028 2.22585e-17 0.946204 0.323572 6.13477e-17 1.36696e-15 -1.2207
0.421275 5.51481e-17 0.938933 0.344099 1.20666e-16 1.22818e-15 -1.28473
0.442572 4.05059e-17 0.930936 0.365181 -1.35535e-16 1.27676e-15 -1.34967
0.464151 4.65007e-17 0.922172 0.38678 5.76459e-16 7.28584e-16 -1.41548
0.485995 -1.11417e-16 0.912602 0.408849 -6.59463e-16 1.249e-15 -1.4821
0.508083 3.56569e-17 0.902191 0.431338 5.19415e-16 8.60423e-16 -1.54946
0.530398 4.8008e-17 0.890906 0.454187 -1.25621e-16 4.16334e-16 -1.61751
0.55292 2.8407e-16 0.878723 0.477331 6.51163e-16 7.49401e-16 -1.68619
0.575631 3.1867e-16 0.865621 0.500699 1.30851e-15 4.85723e-16 -1.75545
0.598511 3.20211e-16 0.851587 0.524213 -4.64433e-17 5.55112e-16 -1.82523
0.621542 3.21747e-16 0.836616 0.54779 -7.01439e-16 1.08247e-15 -1.89546
0.644705 1.96287e-16 0.820711 0.571344 3.36233e-16 1.16573e-15 -1.9661
0.667981 2.24051e-16 0.803885 0.594784 2.37356e-16 1.13798e-15 -2.03709
0.691351 1.08832e-16 0.786162 0.61802 2.93489e-16 9.4369e-16 -2.10836
0.714797 3.9169e-16 0.767575 0.640959 7.89252e-16 4.71845e-16 -2.17986
0.738299 3.50537e-16 0.748167 0.663511 4.39589e-16 3.60822e-16 -2.25153
0.761839 4.42318e-16 0.72799 0.685588 5.83367e-16 1.05471e-15 -2.32332
0.785398 7.85046e-17 0.707107 0.707107 1.59918e-16 1.55431e-15 -2.39516
0.808957 2.10976e-16 0.685588 0.72799 2.34719e-16 2.77556e-16 -2.46701
0.832497 1.87636e-16 0.663511 0.748167 7.5848e-16 7.77156e-16 -2.5388
0.855999 7.35027e-17 0.640959 0.767575 -2.62985e-16 1.94289e-15 -2.61047
0.879445 4.68366e-16 0.61802 0.786162 1.78874e-17 1.11022e-15 -2.68197
0.902815 2.12125e-16 0.594784 0.803885 -1.93441e-16 1.27676e-15 -2.75324
0.926091 1.73629e-16 0.571344 0.820711 1.19329e-15 7.21645e-16 -2.82422
0.949254 2.04843e-16 0.54779 0.836616 3.87625e-16 4.44089e-16 -2.89486
0.972285 1.00786e-16 0.524213 0.851587 6.96382e-16 1.33227e-15 -2.9651
0.995165 3.30877e-16 0.500699 0.865621 3.59538e-16 1.11022e-15 -3.03487
1.01788 1.95693e-16 0.477331 0.878723 -3.29199e-16 1.55431e-15 -3.10413
1.0404 2.57411e-16 0.454187 0.890906 3.83125e-16 1.11022e-15 -3.17281
1.06271 1.1119e-16 0.431338 0.90219 -5.53401e-16 1.22125e-15 -3.24086
1.0848 2.82512e-16 0.408849 0.912602 1.67752e-15 1.11022e-15 -3.30823
1.10664 -4.65593e-17 0.38678 0.922172 3.66437e-16 1.88738e-15 -3.37484
1.12822 1.68932e-16 0.365181 0.930936 6.99888e-16 4.44089e-16 -3.44065
1.14952 1.82489e-16 0.344099 0.938933 -4.69312e-16 1.66533e-15 -3.5056
1.17052 1.5069e-16 0.323572 0.946204 -4.94441e-16 1.55431e-15 -3.56963
1.19119 1.94239e-16 0.303632 0.952789 -1.47647e-16 2.33147e-15 -3.63268
1.21153 1.63067e-16 0.284306 0.958734 -1.35584e-16 1.33227e-15 -3.69469
1.2315 2.35469e-16 0.265614 0.96408 4.63454e-16 8.88178e-16 -3.75561
1.2511 1.9004e-16 0.247573 0.968869 1.20849e-15 2.22045e-16 -3.81539
1.27031 4.7945e-16 0.230194 0.973145 5.06206e-16 6.66134e-16 -3.87395
1.2891 3.03392e-16 0.213485 0.976946 -4.47698e-16 1.66533e-15 -3.93126
1.30746 3.73706e-16 0.19745 0.980313 7.85576e-16 1.11022e-16 -3.98724
1.32536 1.71678e-16 0.182089 0.983282 3.71607e-16 1.66533e-15 -4.04184
1.34279 2.56437e-16 0.167403 0.985889 1.17416e-16 4.44089e-16 -4.095
1.35973 2.41277e-16 0.153386 0.988166 1.25693e-15 2.77556e-16 -4.14667
1.37617 3.53621e-16 0.140034 0.990147 1.16116e-15 -5.55112e-16 -4.19678
1.39207 3.66663e-16 0.12734 0.991859 2.49594e-16 4.996e-16 -4.24529
1.40743 3.02399e-16 0.115297 0.993331 -1.92967e-16 4.44089e-16 -4.29213
1.42223 2.59599e-16 0.103897 0.994588 -1.07819e-15 1.94289e-15 -4.33725
1.43644 2.8008e-16 0.0931305 0.995654 4.28956e-16 5.55112e-16 -4.38058
1.45004 2.72602e-16 0.0829886 0.99655 4.75965e-16 -2.22045e-16 -4.42207
1.46303 2.65217e-16 0.0734628 0.997298 2.83964e-16 4.44089e-16 -4.46167
1.47537 3.10192e-16 0.0645444 0.997915 -4.22311e-16 9.4369e-16 -4.49931
1.48705 3.89945e-16 0.0562252 0.998418 -4.15804e-17 1.94289e-16 -4.53494
1.49806 2.99163e-16 0.0484972 0.998823 -3.43066e-17 4.71845e-16 -4.5685
1.50837 3.44146e-16 0.0413535 0.999145 -3.49995e-16 -1.94289e-16 -4.59994
1.51796 4.41236e-16 0.034788 0.999395 -7.04713e-16 -8.60423e-16 -4.62919
1.52681 3.33389e-16 0.0287949 0.999585 -2.94482e-16 3.88578e-16 -4.6562
1.53492 3.31546e-16 0.0233695 0.999727 -5.21825e-16 6.245e-16 -4.6809
1.54225 3.17584e-16 0.0185094 0.999829 -1.00925e-15 1.80411e-15 -4.70326
1.54878 2.89769e-16 0.0142118 0.999899 -2.97065e-16 8.88178e-16 -4.72319
1.55451 1.8564e-16 0.0104759 0.999945 2.55573e-17 1.83881e-15 -4.74066
1.55941 4.21565e-16 0.00730282 0.999973 -9.41377e-16 3.95517e-16 -4.7556
1.56346 3.29606e-16 0.00469393 0.999989 -1.44021e-16 7.11237e-16 -4.76794
1.56664 3.50417e-16 0.00265298 0.999996 -7.31615e-16 7.26849e-16 -4.77765
1.56894 2.8276e-16 0.00118551 0.999999 -5.89501e-16 1.23426e-15 -4.78465
1.57033 3.95517e-16 0.000298112 1 -8.96822e-16 3.9942e-16 -4.7889
