0 1 0 0 -0 0 -2.35922e-16
0.000468097 1.77883e-13 1 0.000298089 -7.87943e-17 1.11022e-16 -0.00142752
0.00185982 0 0.999999 0.0011854 7.50786e-18 -1.11022e-16 -0.00567174
0.00415633 8.34741e-15 0.999996 0.00265301 1.23611e-17 1.11022e-16 -0.0126752
0.00733876 -3.95102e-15 0.999989 0.00469388 2.08632e-18 -2.22951e-17 -0.0223804
0.0113883 -3.93003e-15 0.999973 0.00730275 -2.23907e-18 4.5395e-16 -0.0347299
0.016286 1.41275e-15 0.999945 0.010476 7.79741e-18 -5.18736e-17 -0.0496661
0.0220131 1.11268e-15 0.999899 0.0142118 -7.52226e-18 -4.78514e-16 -0.0671316
0.0285508 7.79236e-16 0.999829 0.0185093 1.75253e-17 3.3695e-16 -0.0870689
0.0358801 -5.85823e-16 0.999727 0.0233696 8.84866e-18 2.08798e-16 -0.109421
0.0439823 -1.68231e-15 0.999585 0.0287946 -2.60668e-18 -3.62488e-18 -0.134129
0.0528384 -1.61792e-16 0.999395 0.0347878 1.29015e-17 4.12791e-16 -0.161137
0.0624297 -2.49592e-16 0.999145 0.0413536 -9.51142e-18 3.47646e-16 -0.190387
0.0727373 -1.93386e-16 0.998823 0.0484972 2.59523e-17 4.72702e-16 -0.221821
0.0837423 -1.18408e-15 0.998418 0.0562252 -8.20212e-18 4.69148e-16 -0.255382
0.0954259 2.10511e-16 0.997915 0.0645444 -1.72949e-20 5.61346e-16 -0.291012
0.107769 1.7665e-16 0.997298 0.0734628 -3.10334e-17 4.63415e-16 -0.328655
0.120753 1.42658e-16 0.996551 0.0829885 -1.22425e-17 1.63687e-16 -0.368251
0.13436 -2.80448e-16 0.995654 0.0931302 -1.60416e-17 9.3919e-16 -0.409745
0.148569 -8.49647e-17 0.994588 0.103897 -6.83e-18 1.36046e-15 -0.453078
0.163363 3.49319e-16 0.993331 0.115297 1.6011e-16 1.13646e-15 -0.498194
0.178722 1.48811e-16 0.991859 0.12734 3.57217e-17 9.64289e-16 -0.545034
0.194628 7.39988e-17 0.990147 0.140034 -8.80774e-18 1.72497e-15 -0.59354
0.211062 -3.50881e-16 0.988166 0.153386 1.30329e-16 1.4615e-15 -0.643657
0.228004 -2.87798e-17 0.985889 0.167403 1.73503e-16 9.14199e-16 -0.695325
0.245437 2.26675e-16 0.983282 0.182089 1.4877e-16 8.49147e-16 -0.748488
0.263341 2.03256e-16 0.980313 0.19745 2.60143e-16 7.34655e-16 -0.803088
0.281697 1.8721e-16 0.976946 0.213485 1.08951e-16 1.8336e-15 -0.859068
0.300487 3.5165e-17 0.973145 0.230194 4.45304e-16 1.62891e-15 -0.91637
0.319692 -4.13984e-17 0.968869 0.247573 1.07351e-16 2.08687e-15 -0.974936
0.339292 7.29709e-17 0.96408 0.265614 -7.32652e-17 1.68615e-15 -1.03471
0.359269 5.42733e-17 0.958734 0.284305 2.04898e-18 2.23779e-15 -1.09563
0.379605 -1.07673e-16 0.952789 0.303632 1.81096e-16 1.59248e-15 -1.15765
0.40028 -6.23239e-17 0.946204 0.323572 1.85653e-16 2.34535e-15 -1.2207
0.421275 6.78746e-17 0.938933 0.344099 3.44906e-16 2.42861e-15 -1.28473
0.442572 -8.10117e-18 0.930936 0.365181 -2.19423e-16 2.17881e-15 -1.34967
0.464151 -6.20009e-17 0.922172 0.38678 3.13298e-16 2.40086e-15 -1.41548
0.485995 -1.18845e-16 0.912602 0.408849 -6.15709e-16 2.66454e-15 -1.4821
0.508083 -1.42628e-17 0.902191 0.431338 1.69265e-16 2.40086e-15 -1.54946
0.530398 6.17246e-17 0.890906 0.454187 6.22584e-16 2.15106e-15 -1.61751
0.55292 -4.62439e-17 0.878723 0.477331 3.21075e-16 2.10942e-15 -1.68619
0.575631 2.29442e-16 0.865621 0.500699 1.42209e-16 2.55351e-15 -1.75545
0.598511 3.69475e-17 0.851587 0.524213 -3.73349e-16 3.26128e-15 -1.82523
0.621542 1.42999e-16 0.836616 0.54779 -7.52335e-16 2.96985e-15 -1.89546
0.644705 1.61648e-16 0.820711 0.571344 -6.43524e-16 2.77556e-15 -1.9661
0.667981 1.45633e-16 0.803885 0.594784 3.40933e-16 3.2474e-15 -2.03709
0.691351 2.93846e-16 0.786162 0.61802 3.50518e-16 3.10862e-15 -2.10836
0.714797 2.43483e-16 0.767575 0.640959 2.25544e-15 2.69229e-15 -2.17986
0.738299 1.85578e-16 0.748167 0.663511 1.73204e-16 3.02536e-15 -2.25153
0.761839 2.21159e-16 0.72799 0.685588 8.5339e-16 2.60902e-15 -2.32332
0.785398 3.92523e-17 0.707107 0.707107 -6.90741e-16 3.66374e-15 -2.39516
0.808957 1.91797e-16 0.685588 0.72799 -9.79024e-16 3.05311e-15 -2.46701
0.832497 2.43926e-16 0.663511 0.748167 -1.33887e-15 2.9976e-15 -2.5388
0.855999 2.75635e-16 0.640959 0.767575 4.47223e-16 2.88658e-15 -2.61047
0.879445 3.0624e-16 0.61802 0.786162 -1.52847e-15 3.44169e-15 -2.68197
0.902815 1.41416e-16 0.594784 0.803885 -1.45617e-15 3.16414e-15 -2.75324
0.926091 4.51436e-16 0.571344 0.820711 -1.5047e-15 3.21965e-15 -2.82422
0.949254 3.41405e-17 0.54779 0.836616 -5.45388e-16 3.10862e-15 -2.89486
0.972285 5.03929e-17 0.524213 0.851587 -1.01634e-15 3.44169e-15 -2.9651
0.995165 3.30877e-17 0.500699 0.865621 1.27507e-16 3.21965e-15 -3.03487
1.01788 8.15387e-17 0.477331 0.878723 -7.18347e-16 3.44169e-15 -3.10413
1.0404 1.60882e-16 0.454187 0.890906 8.35141e-17 3.21965e-15 -3.17281
1.06271 0 0.431338 0.90219 -9.23593e-16 3.55271e-15 -3.24086
1.0848 2.19732e-16 0.408849 0.912602 1.14094e-15 3.21965e-15 -3.30823
1.10664 3.87994e-16 0.38678 0.922172 2.25785e-15 2.44249e-15 -3.37484
1.12822 3.53221e-16 0.365181 0.930936 1.19537e-15 2.33147e-15 -3.44065
1.14952 1.52074e-17 0.344099 0.938933 2.0885e-15 3.21965e-15 -3.5056
1.17052 -1.5069e-17 0.323572 0.946204 1.63327e-15 3.9968e-15 -3.56963
1.19119 -1.49415e-17 0.303632 0.952789 2.7084e-15 4.55191e-15 -3.63268
1.21153 0 0.284306 0.958734 1.4909e-15 3.66374e-15 -3.69469
1.2315 -1.47168e-17 0.265614 0.96408 1.82684e-15 5.10703e-15 -3.75561
1.2511 -1.31566e-16 0.247573 0.968869 2.81679e-15 4.77396e-15 -3.81539
1.27031 -1.1623e-16 0.230194 0.973145 9.54637e-16 5.21805e-15 -3.87395
1.2891 4.33417e-17 0.213485 0.976946 4.73634e-16 5.44009e-15 -3.93126
1.30746 -2.29973e-16 0.19745 0.980313 1.43896e-15 4.996e-15 -3.98724
1.32536 -1.43065e-16 0.182089 0.983282 6.8559e-16 4.55191e-15 -4.04184
1.34279 -3.98902e-16 0.167403 0.985889 2.12104e-15 4.21885e-15 -4.095
1.35973 -1.06446e-16 0.153386 0.988166 1.28766e-15 3.9968e-15 -4.14667
1.37617 -2.47535e-16 0.140034 0.990147 2.14083e-15 4.94049e-15 -4.19678
1.39207 -2.53843e-16 0.12734 0.991859 1.57072e-15 4.16334e-15 -4.24529
1.40743 -2.53171e-16 0.115297 0.993331 6.9204e-16 5.66214e-15 -4.29213
1.42223 -3.92906e-16 0.103897 0.994588 1.29189e-15 6.43929e-15 -4.33725
1.43644 -4.06116e-16 0.0931305 0.995654 2.07016e-15 5.55112e-15 -4.38058
1.45004 -4.68316e-16 0.0829886 0.99655 2.51025e-15 5.66214e-15 -4.42207
1.46303 -5.79289e-16 0.0734628 0.997298 2.02017e-15 6.71685e-15 -4.46167
1.47537 -5.1931e-16 0.0645444 0.997915 1.30543e-15 6.71685e-15 -4.49931
1.48705 -5.64027e-16 0.0562252 0.998418 1.48108e-15 7.21645e-15 -4.53494
1.49806 -6.19199e-16 0.0484972 0.998823 1.58386e-15 7.71605e-15 -4.5685
1.50837 -5.21433e-16 0.0413535 0.999145 1.51047e-15 6.99441e-15 -4.59994
1.51796 -5.80207e-16 0.034788 0.999395 4.34052e-16 8.04912e-15 -4.62919
1.52681 -5.60858e-16 0.0287949 0.999585 8.40159e-16 7.43849e-15 -4.6562
1.53492 -5.6762e-16 0.0233695 0.999727 5.85145e-16 7.68829e-15 -4.6809
1.54225 -5.90046e-16 0.0185094 0.999829 1.48327e-16 8.90954e-15 -4.70326
1.54878 -6.24652e-16 0.0142118 0.999899 8.78574e-16 8.00748e-15 -4.72319
1.55451 -7.25211e-16 0.0104759 0.999945 1.24324e-15 8.89566e-15 -4.74066
1.55941 -5.81604e-16 0.00730282 0.999973 3.65395e-16 8.73607e-15 -4.7556
1.56346 -6.25385e-16 0.00469393 0.999989 1.03946e-15 8.70484e-15 -4.76794
1.56664 -6.19735e-16 0.00265298 0.999996 7.68848e-16 9.09516e-15 -4.77765
1.56894 -5.72026e-16 0.00118551 0.999999 7.23403e-16 8.38132e-15 -4.78465
1.57033 -5.52509e-16 0.000298112 1 4.22185e-16 8.35096e-15 -4.7889
